<?xml version="1.0"?>
<opencv_storage>
<HOG_Detector type_id="opencv-object-detector-hog">
  <winSize>
    192 32</winSize>
  <blockSize>
    16 16</blockSize>
  <blockStride>
    8 8</blockStride>
  <cellSize>
    8 8</cellSize>
  <nbins>18</nbins>
  <derivAperture>1</derivAperture>
  <winSigma>4.</winSigma>
  <histogramNormType>0</histogramNormType>
  <L2HysThreshold>2.0000000000000001e-001</L2HysThreshold>
  <gammaCorrection>0</gammaCorrection>
  <nlevels>64</nlevels>
  <SVMDetector>
    -7.34350458e-003 -5.73781319e-003 -5.97543549e-003 -7.19406549e-003
    -4.05182457e-003 -3.40644550e-003 1.00058143e-003 -1.24173274e-003
    2.72203702e-002 2.81709339e-002 -9.80684883e-004 -2.06000218e-003
    -5.82071627e-003 -2.80437432e-003 -7.58342538e-003 -1.28496848e-002
    -1.11203203e-002 -1.21131903e-002 -3.99069302e-003 -2.51093111e-003
    -3.05114477e-003 -3.84087791e-003 -4.22736537e-003 -6.96218992e-003
    -5.49008697e-003 -2.25159363e-003 2.73721386e-002 2.81381812e-002
    3.18543566e-003 -1.65037578e-003 6.35680929e-003 -4.19052463e-004
    -4.04147431e-003 -6.90558041e-003 -7.55177811e-003 -9.98278614e-003
    -8.40829033e-003 -7.04497332e-003 -6.35943003e-003 -7.06017390e-003
    -6.48601120e-003 -4.09200834e-003 -2.76793540e-003 -3.91678046e-003
    2.19765678e-002 2.16063038e-002 3.66722088e-005 -3.66118760e-003
    -2.72432831e-003 -6.23860338e-004 -5.70307672e-003 -1.42040495e-002
    -1.36526339e-002 -1.18294852e-002 -5.26163075e-003 -1.23257376e-003
    -4.70507483e-004 -3.79759120e-003 -5.29951369e-003 -5.75567922e-003
    -7.73337623e-003 -4.45652707e-003 2.38700490e-002 2.49285176e-002
    -7.83033553e-004 -3.22441850e-003 -1.11182721e-003 4.52079764e-003
    4.77951299e-003 5.41875465e-003 -4.91802488e-003 -5.42011531e-003
    -6.49534585e-003 -4.45811311e-003 -2.28359364e-003 -5.12160873e-003
    -6.01149490e-003 -8.99663381e-003 -1.05671482e-002 -7.61601282e-003
    7.31181214e-003 1.22109288e-002 9.02957842e-003 2.72405846e-003
    9.03181359e-003 3.49791232e-003 2.52582529e-003 -8.01753136e-004
    -5.28170168e-003 -1.12821888e-002 -1.09273456e-002 -4.91768960e-003
    -1.45862927e-003 -1.26327819e-003 -3.07536381e-003 -4.17787535e-003
    -8.33540596e-003 -2.28176173e-003 -1.74658652e-003 7.80029222e-003
    1.84671003e-002 1.17363250e-002 2.02921145e-002 1.94138456e-002
    2.43667588e-002 1.59981865e-002 2.91363266e-003 -6.21102517e-003
    -1.06366323e-002 -1.87128212e-003 1.12244254e-003 -3.66016268e-003
    -5.69627713e-003 -7.60280155e-003 -1.04028257e-002 -7.31533859e-003
    2.60871043e-003 1.57388463e-003 -5.83893852e-003 -3.27257602e-003
    2.22218758e-003 2.12787674e-003 -8.28919001e-005 6.42295752e-004
    -3.04968562e-003 -1.02835838e-002 -1.03240432e-002 -1.67167501e-003
    1.35496142e-003 3.99272074e-004 -2.86784465e-003 -2.59265210e-003
    -6.75960910e-003 -6.31458638e-003 -1.50042335e-002 -1.29108476e-002
    4.60349349e-003 9.18797031e-003 1.66297015e-002 1.82098709e-002
    1.38132796e-002 1.55168483e-002 5.07553807e-003 -8.66277143e-003
    -1.43583585e-002 -1.02426782e-002 -5.43503044e-003 -3.84025020e-003
    -4.64907568e-003 -3.38627514e-003 -7.83280935e-003 -4.17748606e-003
    -1.31873377e-002 -6.98974077e-003 6.01232611e-003 3.93346371e-003
    8.50076415e-003 2.98342556e-002 3.50096487e-002 2.06022412e-002
    6.76174229e-003 -2.84379954e-003 -1.04447771e-002 3.49654074e-005
    -1.92258600e-003 -3.30154761e-003 -4.53258259e-003 -4.44584480e-003
    -6.70480123e-003 -4.66839643e-003 -1.46092474e-002 -1.19780861e-002
    -4.51030210e-003 -4.98744659e-003 6.65642263e-004 2.47868076e-002
    2.51119900e-002 2.56684758e-002 1.09795043e-002 -2.93290638e-003
    -1.50030917e-002 -1.09574394e-002 -4.29646950e-003 -3.00038885e-003
    -8.90694838e-003 -3.78868869e-003 -5.35206404e-003 -9.04563908e-003
    -2.32624356e-002 -2.08930876e-002 -2.53017107e-003 -4.98856883e-004
    6.11938443e-003 1.57059431e-002 1.44455768e-002 1.80775430e-002
    4.35576169e-003 -1.08983293e-002 -1.27091324e-002 -2.67229136e-003
    -3.65430070e-003 -2.36371459e-004 -5.58402063e-003 -6.25821855e-003
    -7.26165110e-003 -1.01758493e-002 -1.92086101e-002 -1.77990776e-002
    -4.66716057e-003 -6.21258747e-003 -3.18940147e-004 2.45705452e-002
    2.55420320e-002 3.14922072e-002 1.66250952e-002 -5.69935003e-003
    -4.08792403e-003 -3.45704099e-003 -4.49155830e-003 -2.26438348e-003
    -4.65790462e-003 -4.83005028e-003 -4.34681214e-003 -4.83128242e-003
    1.81909539e-002 1.91656686e-002 1.77574356e-003 -2.35816953e-003
    -2.10079621e-003 -7.91764585e-004 -5.04980003e-003 -9.78272781e-003
    -1.30342748e-002 -7.35574961e-003 -2.83941510e-003 -2.74553313e-003
    -7.12392677e-004 -1.02283433e-003 -2.46405927e-003 -3.70099605e-003
    -6.30579889e-003 -3.82743939e-003 2.21393015e-002 2.39709876e-002
    6.48912755e-005 -3.56864952e-003 -1.12542720e-003 -5.15380292e-004
    1.49934599e-003 5.56373736e-003 -4.02204040e-003 -5.54903643e-003
    -2.02107523e-003 -3.39823868e-003 -4.16840613e-003 -2.36232835e-003
    -5.57146966e-003 -7.38726836e-003 -7.74719194e-003 -4.75732889e-003
    1.55432979e-002 1.67729370e-002 -3.78339377e-004 7.63199932e-004
    1.35146803e-003 -2.13861302e-003 -4.00027679e-003 -4.32978617e-003
    -8.37562233e-003 -3.19667975e-003 -9.81773715e-003 -5.07048331e-003
    -1.57738163e-003 3.74024559e-004 -2.49605929e-003 -6.16284180e-003
    -5.93664031e-003 -4.75074165e-004 2.10155658e-002 2.00467557e-002
    1.05336634e-003 5.63485688e-003 5.36140753e-003 2.41251825e-003
    -2.82487995e-003 1.32231461e-003 -7.34874886e-003 -6.84153894e-003
    -6.05748640e-003 7.05745988e-005 3.03042703e-003 -9.71804315e-004
    -1.16031757e-003 -4.40534856e-003 -5.41162537e-003 -2.31772056e-003
    1.06413662e-002 8.73370282e-003 -3.53787164e-003 5.14050713e-004
    5.24607347e-003 2.89246533e-003 1.61559787e-003 3.51324235e-003
    2.68038455e-003 -6.99465396e-003 -4.35246853e-003 2.30949279e-003
    3.11958441e-003 -6.57816126e-004 -6.30748749e-004 -1.66931259e-003
    -1.28533039e-003 -1.31890888e-003 -3.69684375e-003 -2.06900411e-003
    1.08009845e-003 1.35810291e-002 1.86521858e-002 1.56189818e-002
    9.88132879e-003 7.69014237e-003 5.55490516e-003 -5.08698495e-003
    -1.26162246e-002 -2.46735988e-003 3.11279786e-003 -2.30085963e-004
    -6.34588010e-004 -2.05956632e-003 -1.98298087e-003 2.77849589e-003
    1.23915551e-002 8.57134815e-003 -2.65942165e-003 3.38836364e-003
    4.92319278e-003 4.96032648e-003 1.09382020e-003 5.38965745e-004
    -3.68279777e-003 -9.90399998e-003 -5.17760264e-003 -4.99984855e-003
    -4.71443520e-004 -3.70041141e-003 -2.95992731e-003 -8.68565257e-005
    1.76074111e-003 5.11191180e-003 1.10954186e-003 5.41704125e-004
    2.76113837e-003 7.64197996e-003 1.27166370e-002 1.26741128e-002
    7.05023576e-003 -7.65701043e-005 -7.89896818e-004 -2.91831326e-003
    -2.50536925e-003 -1.53088977e-003 -6.11001335e-004 -1.15412753e-003
    -3.02447169e-003 -1.72657426e-003 -2.42176116e-003 -5.39058959e-003
    -1.08784316e-002 -8.74564704e-003 1.03677460e-003 4.55224933e-003
    8.03981069e-003 1.24206031e-002 1.38347829e-002 1.46482522e-002
    8.29280727e-003 -3.85651365e-003 -1.94288511e-003 1.19475590e-003
    1.87094079e-003 1.93629460e-003 -1.97049696e-003 -3.26366187e-003
    -6.58447621e-003 -9.29763913e-003 -1.01069035e-002 -7.53520848e-003
    7.02494988e-004 -2.30214369e-004 3.37345991e-003 1.89391300e-002
    2.66600568e-002 2.95343641e-002 1.79846603e-002 3.62425926e-003
    -6.85487594e-003 -6.63656322e-003 -4.16086335e-003 -4.34278417e-003
    -2.33792234e-003 -2.57600821e-003 -1.62671658e-003 -3.98184266e-003
    -7.56636169e-003 -6.61204988e-003 -2.93842633e-004 1.60237704e-003
    1.89170439e-003 5.55817084e-003 9.47618019e-003 2.77703803e-004
    -1.30283169e-003 -6.27343496e-003 -3.78516968e-003 -4.75791236e-003
    -7.90496706e-004 -3.41458037e-003 -5.67536335e-003 -9.62738506e-003
    -5.90388384e-003 -1.23370783e-002 -1.18551450e-002 -8.35951604e-003
